image_width: 1920
image_height: 1200
camera_name: peak_cam_2
camera_matrix:
  rows: 3
  cols: 3
  data: [1333.33, 0, 960 , 0, 1333.33,  600, 0, 0, 1]
distortion_model: plumb_bob
distortion_coefficients:
  rows: 1
  cols: 5
  data: [-0.150177, 0.092372, 0.012227, -0.022488, 0.000000]
rectification_matrix:
  rows: 3
  cols: 3
  data: [1, 0, 0, 0, 1, 0, 0, 0, 1]
projection_matrix:
  rows: 3
  cols: 4
  data: [1333.33, 0, 960, 0, 0, 1333.33, 600, 0, 0, 0, 1, 0]