image_width: 1920
image_height: 1200
camera_name: peak_cam
camera_matrix:
  rows: 3
  cols: 3
  data: [1212.45461, 0, 777.90894,0 , 1203.12286,  679.57381, 0, 0, 1]
distortion_model: plumb_bob
distortion_coefficients:
  rows: 1
  cols: 5
  data: [-0.150177, 0.092372, 0.012227, -0.022488, 0.000000]
rectification_matrix:
  rows: 3
  cols: 3
  data: [1, 0, 0, 0, 1, 0, 0, 0, 1]
projection_matrix:
  rows: 3
  cols: 4
  data: [1136.03064, 0, 726.25605, 0, 0, 1160.62439, 696.69613, 0, 0, 0, 1, 0]